   2 000
   2 0000
   2 0003
   3 0009
   3 0010
   5 0011
   3 0012
   3 0013
   3 0014
   3 0015
   5 0016
   3 0017
   5 002
   3 0020
   2 0025
   2 0026
   2 0027
   3 003
   2 0030
   2 0031
   2 0032
   2 0035
   4 0036
   2 0037
   2 0038
   2 0039
   5 004
   4 0040
   2 0041
   2 0045
   2 0046
   2 0047
   2 0048
   4 0049
   5 005
   2 0050
   2 0051
   2 0052
   2 0053
   2 0054
   2 0055
   2 0056
   2 0057
   2 0058
   2 0059
   3 006
   2 0060
   2 0061
   4 0062
   4 0063
   4 0064
   2 0065
   2 0066
   2 0067
   6 0068
   8 0069
   3 007
   2 0070
   2 0071
   4 0072
   2 0073
   2 0074
   2 0075
   2 0076
   2 0077
   2 0078
   2 0079
   3 008
   2 0080
   2 0081
   2 0082
   2 0083
   2 0084
   2 0085
   2 0086
   2 0087
   2 0088
   4 0089
   3 009
   4 0090
   4 0091
  20 0092
   6 0093
   4 0094
   4 0095
   4 0096
   4 0097
   6 0098
   2 0100
   2 0101
   2 0102
   2 0105
   2 0106
   4 0107
   2 0108
   2 0109
   2 0110
   2 0111
   4 0112
   2 0113
   2 0114
   2 0115
   2 0116
   4 0117
   2 0118
   2 0120
   2 0121
   2 0122
   2 0123
   2 0124
   2 0125
   2 0126
   2 0128
   2 0129
   2 0130
   2 0133
   2 0134
   2 0135
   2 0136
   4 0137
   2 0138
   2 0139
   4 0140
   2 0141
   2 0142
   2 0143
   4 0144
   6 0145
   2 0146
   2 0147
   8 0150
   4 0151
   2 0152
   2 0155
   2 0156
   2 0158
   4 0159
   2 0160
   2 0161
   2 0162
   2 0163
   2 0164
   2 0165
   2 0171
   4 0172
   2 0173
   2 0174
   2 0175
   2 0176
   2 0177
   2 0180
   2 0181
   2 0182
   2 0183
   2 0184
   2 0185
   2 0186
   2 0187
   4 0200
   2 0201
   2 0202
   2 0203
   2 0204
   2 0205
   2 0206
   2 0207
   2 0208
   2 0209
   2 0210
   2 0211
   2 0212
   2 0213
   2 0214
   4 0215
   2 0216
   2 0217
   2 0218
   2 0219
   2 0220
   2 0221
   2 0222
   2 0223
   2 0224
   2 0225
   2 0226
   2 0227
   2 0228
   2 0229
   2 0230
   2 0231
   2 0232
   2 0233
   2 0234
   2 0236
   2 0240
   2 0241
   2 0242
   2 0243
   2 0244
   2 0245
   4 0246
   2 0247
   2 0248
   2 0249
   2 0250
   2 0251
   2 0252
   2 0253
   2 0254
   2 0255
   2 0256
   2 0257
   2 0258
   2 0259
   2 0260
   2 0261
   2 0262
   4 0263
   2 0264
   2 0265
   2 0266
   2 0267
   2 0268
   2 0269
   2 0271
   2 0272
   2 0273
   2 0274
   2 0275
   2 0276
   2 0277
   2 0278
   2 0279
   2 0280
   2 0281
   2 0282
   2 0283
   4 0284
   2 0285
   2 0286
   2 0287
   2 0288
   2 0289
   2 0290
   2 0291
   2 0292
   2 0293
   2 0294
   2 0295
   2 0296
   2 0297
   2 0298
   2 0299
   2 0300
   2 0301
   2 0302
   2 0303
   2 0304
   2 0305
   2 0306
   2 0307
   2 0308
   2 0309
   2 0310
   2 0311
   2 0312
   2 0313
   2 0314
   2 0315
   2 0316
   2 0317
   2 0318
   2 0319
   2 0320
   2 0332
   2 0340
   2 0347
   2 0367
   2 1031
   2 1032
   2 120
   4 130
   4 131
   2 132
   2 2000
   2 2001
   2 2002
   4 2003
   2 2004
   2 2005
   2 2006
   2 2007
   2 2008
   2 2009
   2 2010
   2 2011
   6 2012
   2 2013
   2 2014
   2 2015
   2 2016
   2 2018
   2 2019
   2 2020
   2 2021
   2 2022
   4 2023
   4 2024
  12 2025
   2 20251123
   2 2026
   2 2027
   2 2028
   2 2029
   2 2030
   2 2031
   2 2099
   2 9999
